100
43 0 0
958 0 0
121 0 0
517 0 0
-482 0 0
-532 0 0
-197 0 0
-70 0 0
210 0 0
-652 0 0
655 0 0
609 0 0
-786 0 0
644 0 0
420 0 0
478 0 0
-426 0 0
-53 0 0
799 0 0
-815 0 0
-653 0 0
179 0 0
353 0 0
-855 0 0
62 0 0
-306 0 0
-724 0 0
-423 0 0
954 0 0
-327 0 0
-508 0 0
-345 0 0
843 0 0
-979 0 0
-355 0 0
828 0 0
-956 0 0
412 0 0
-326 0 0
197 0 0
-227 0 0
998 0 0
268 0 0
964 0 0
-772 0 0
893 0 0
-435 0 0
423 0 0
854 0 0
-147 0 0
-910 0 0
138 0 0
649 0 0
-684 0 0
566 0 0
385 0 0
-275 0 0
135 0 0
306 0 0
397 0 0
-102 0 0
-54 0 0
-598 0 0
-55 0 0
447 0 0
523 0 0
115 0 0
-592 0 0
488 0 0
-819 0 0
-119 0 0
757 0 0
-946 0 0
-971 0 0
351 0 0
-473 0 0
186 0 0
-804 0 0
-385 0 0
-166 0 0
130 0 0
835 0 0
-309 0 0
-365 0 0
-635 0 0
708 0 0
444 0 0
-508 0 0
231 0 0
339 0 0
-797 0 0
-512 0 0
-127 0 0
-461 0 0
-81 0 0
-315 0 0
-202 0 0
248 0 0
-271 0 0
-353 0 0
-587 0 0
-662 0 0
972 0 0
-248 0 0
365 0 0
-372 0 0
832 0 0
-403 0 0
-810 0 0
814 0 0
808 0 0
-605 0 0
-560 0 0
19 0 0
-355 0 0
-511 0 0
-434 0 0
-72 0 0
239 0 0
236 0 0
-501 0 0
523 0 0
620 0 0
-152 0 0
-196 0 0
536 0 0
-473 0 0
-5 0 0
29 0 0
-925 0 0
-275 0 0
960 0 0
244 0 0
782 0 0
-421 0 0
-407 0 0
-73 0 0
-438 0 0
-495 0 0
-652 0 0
224 0 0
-210 0 0
-143 0 0
-492 0 0
209 0 0
-340 0 0
-284 0 0
844 0 0
816 0 0
959 0 0
-938 0 0
-362 0 0
315 0 0
226 0 0
511 0 0
-305 0 0
795 0 0
-934 0 0
-628 0 0
-128 0 0
774 0 0
-963 0 0
-296 0 0
-32 0 0
-215 0 0
769 0 0
-879 0 0
720 0 0
694 0 0
-653 0 0
765 0 0
271 0 0
533 0 0
-231 0 0
851 0 0
316 0 0
-618 0 0
-313 0 0
865 0 0
-597 0 0
544 0 0
116 0 0
-394 0 0
776 0 0
689 0 0
-152 0 0
615 0 0
585 0 0
-550 0 0
-797 0 0
956 0 0
-164 0 0
71 0 0
98 0 0
-800 0 0
647 0 0
-458 0 0
467 0 0
-380 0 0
-740 0 0
-310 0 0
465 0 0
120 0 0
-134 0 0
530 0 0
-44 0 0
-366 0 0
979 0 0
677 0 0
-869 0 0
108 0 0
780 0 0
779 0 0
467 0 0
-114 0 0
-975 0 0
886 0 0
-182 0 0
-693 0 0
933 0 0
366 0 0
-222 0 0
521 0 0
-721 0 0
708 0 0
35 0 0
-609 0 0
-510 0 0
-18 0 0
694 0 0
840 0 0
637 0 0
-338 0 0
330 0 0
-626 0 0
-671 0 0
-1000 0 0
-409 0 0
-895 0 0
383 0 0
159 0 0
768 0 0
-373 0 0
-18 0 0
616 0 0
-34 0 0
676 0 0
818 0 0
56 0 0
453 0 0
918 0 0
223 0 0
506 0 0
-527 0 0
-838 0 0
665 0 0
-700 0 0
-476 0 0
-466 0 0
359 0 0
683 0 0
532 0 0
251 0 0
-843 0 0
-766 0 0
-315 0 0
117 0 0
944 0 0
137 0 0
606 0 0
610 0 0
945 0 0
-662 0 0
-86 0 0
-748 0 0
-492 0 0
-354 0 0
-990 0 0
880 0 0
152 0 0
-298 0 0
-617 0 0
-811 0 0
788 0 0
-344 0 0
564 0 0
314 0 0
296 0 0
323 0 0
706 0 0
368 0 0
829 0 0
-296 0 0
426 0 0
36 0 0
949 0 0
871 0 0
-484 0 0
-762 0 0
337 0 0
